Regular Name:
betsy  02 00 00 00 FF 01 00 00 00 06 00 00 00 62 65 74 73 79 00

Empty:
-         00 00 00 00 FF 00 00 00 00 



<br>      01 00 00 00 03 08 00 00 00 00 00 00 00 00 21 00 00 00 35 36 46 38 44 32 37 31 34 39 43 43 35 45 32 44 31 32 31 30 33 42 42 45 42 46 43 41 39 30 39 37 00 0B 00 00 00 7B 30 7D 3C 62 72 3E 7B 31 7D 00 02 00 00 00 02 00 00 00 30 00 04 02 00 00 00 FF     00 00 00 00                                         02 00 00 00 31 00 04 02 00 00 00 FF 00 00 00 00
Skeleton  01 00 00 00 03 08 00 00 00 00 00 00 00 00 21 00 00 00 35 36 46 38 44 32 37 31 34 39 43 43 35 45 32 44 31 32 31 30 33 42 42 45 42 46 43 41 39 30 39 37 00 0B 00 00 00 7B 30 7D 3C 62 72 3E 7B 31 7D 00 02 00 00 00 02 00 00 00 30 00 04 02 00 00 00 FF     01 00 00 00 09 00 00 00 53 6B 65 6C 65 74 6F 6E 00  02 00 00 00 31 00 04 02 00 00 00 FF 00 00 00 00 
Stock     01 00 00 00 03 08 00 00 00 00 00 00 00 00 21 00 00 00 35 36 46 38 44 32 37 31 34 39 43 43 35 45 32 44 31 32 31 30 33 42 42 45 42 46 43 41 39 30 39 37 00 0B 00 00 00 7B 30 7D 3C 62 72 3E 7B 31 7D 00 02 00 00 00 02 00 00 00 30 00 04 02 00 00 00 FF     01 00 00 00 06 00 00 00 53 74 6F 63 6B 00           02 00 00 00 31 00 04 02 00 00 00 FF 00 00 00 00 
Waycar    01 00 00 00 03 08 00 00 00 00 00 00 00 00 21 00 00 00 35 36 46 38 44 32 37 31 34 39 43 43 35 45 32 44 31 32 31 30 33 42 42 45 42 46 43 41 39 30 39 37 00 0B 00 00 00 7B 30 7D 3C 62 72 3E 7B 31 7D 00 02 00 00 00 02 00 00 00 30 00 04 02 00 00 00 FF     01 00 00 00 07 00 00 00 57 61 79 63 61 72 00        02 00 00 00 31 00 04 02 00 00 00 FF 00 00 00 00 
Plow      01 00 00 00 03 08 00 00 00 00 00 00 00 00 21 00 00 00 35 36 46 38 44 32 37 31 34 39 43 43 35 45 32 44 31 32 31 30 33 42 42 45 42 46 43 41 39 30 39 37 00 0B 00 00 00 7B 30 7D 3C 62 72 3E 7B 31 7D 00 02 00 00 00 02 00 00 00 30 00 04 02 00 00 00 FF     01 00 00 00 05 00 00 00 50 6C 6F 77 00              02 00 00 00 31 00 04 02 00 00 00 FF 00 00 00 00 
Class48   01 00 00 00 03 08 00 00 00 00 00 00 00 00 21 00 00 00 35 36 46 38 44 32 37 31 34 39 43 43 35 45 32 44 31 32 31 30 33 42 42 45 42 46 43 41 39 30 39 37 00 0B 00 00 00 7B 30 7D 3C 62 72 3E 7B 31 7D 00 02 00 00 00 02 00 00 00 30 00 04 02 00 00 00 FF     01 00 00 00 08 00 00 00 43 6C 61 73 73 34 38 00     02 00 00 00 31 00 04 02 00 00 00 FF 00 00 00 00 
<br>      01 00 00 00 03 08 00 00 00 00 00 00 00 00 21 00 00 00 35 36 46 38 44 32 37 31 34 39 43 43 35 45 32 44 31 32 31 30 33 42 42 45 42 46 43 41 39 30 39 37 00 0B 00 00 00 7B 30 7D 3C 62 72 3E 7B 31 7D 00 02 00 00 00 02 00 00 00 30 00 04 02 00 00 00 FF     00 00 00 00                                         02 00 00 00 31 00 04 02 00 00 00 FF 00 00 00 00 
Monty     01 00 00 00 03 08 00 00 00 00 00 00 00 00 21 00 00 00 35 36 46 38 44 32 37 31 34 39 43 43 35 45 32 44 31 32 31 30 33 42 42 45 42 46 43 41 39 30 39 37 00 0B 00 00 00 7B 30 7D 3C 62 72 3E 7B 31 7D 00 02 00 00 00 02 00 00 00 30 00 04 02 00 00 00 FF     01 00 00 00 06 00 00 00 4D 6F 6E 74 79 00           02 00 00 00 31 00 04 02 00 00 00 FF 00 00 00 00 
Glen      01 00 00 00 03 08 00 00 00 00 00 00 00 00 21 00 00 00 35 36 46 38 44 32 37 31 34 39 43 43 35 45 32 44 31 32 31 30 33 42 42 45 42 46 43 41 39 30 39 37 00 0B 00 00 00 7B 30 7D 3C 62 72 3E 7B 31 7D 00 02 00 00 00 02 00 00 00 30 00 04 02 00 00 00 FF     01 00 00 00 05 00 00 00 47 6C 65 6E 00              02 00 00 00 31 00 04 02 00 00 00 FF 00 00 00 00 
Shay      01 00 00 00 03 08 00 00 00 00 00 00 00 00 21 00 00 00 35 36 46 38 44 32 37 31 34 39 43 43 35 45 32 44 31 32 31 30 33 42 42 45 42 46 43 41 39 30 39 37 00 0B 00 00 00 7B 30 7D 3C 62 72 3E 7B 31 7D 00 02 00 00 00 02 00 00 00 30 00 04 02 00 00 00 FF     01 00 00 00 05 00 00 00 53 68 61 79 00              02 00 00 00 31 00 04 02 00 00 00 FF 00 00 00 00 
Mosca     01 00 00 00 03 08 00 00 00 00 00 00 00 00 21 00 00 00 35 36 46 38 44 32 37 31 34 39 43 43 35 45 32 44 31 32 31 30 33 42 42 45 42 46 43 41 39 30 39 37 00 0B 00 00 00 7B 30 7D 3C 62 72 3E 7B 31 7D 00 02 00 00 00 02 00 00 00 30 00 04 02 00 00 00 FF     01 00 00 00 06 00 00 00 4D 6F 73 63 61 00           02 00 00 00 31 00 04 02 00 00 00 FF 00 00 00 00 
CCCCoal   01 00 00 00 03 08 00 00 00 00 00 00 00 00 21 00 00 00 35 36 46 38 44 32 37 31 34 39 43 43 35 45 32 44 31 32 31 30 33 42 42 45 42 46 43 41 39 30 39 37 00 0B 00 00 00 7B 30 7D 3C 62 72 3E 7B 31 7D 00 02 00 00 00 02 00 00 00 30 00 04 02 00 00 00 FF     01 00 00 00 08 00 00 00 43 43 43 43 6F 61 6C 00     02 00 00 00 31 00 04 02 00 00 00 FF 00 00 00 00 
<br>      01 00 00 00 03 08 00 00 00 00 00 00 00 00 21 00 00 00 35 36 46 38 44 32 37 31 34 39 43 43 35 45 32 44 31 32 31 30 33 42 42 45 42 46 43 41 39 30 39 37 00 0B 00 00 00 7B 30 7D 3C 62 72 3E 7B 31 7D 00 02 00 00 00 02 00 00 00 30 00 04 02 00 00 00 FF     00 00 00 00                                         02 00 00 00 31 00 04 02 00 00 00 FF 00 00 00 00

Special Format as follows:
Bigass string:
01 00 00 00 03 08 00 00 00 00 00 00 00 00 21 00 00 00 35 36 46 38 44 32 37 31 34 39 43 43 35 45 32 44 31 32 31 30 33 42 42 45 42 46 43 41 39 30 39 37 00 0B 00 00 00 7B 30 7D 3C 62 72 3E 7B 31 7D 00 02 00 00 00 02 00 00 00 30 00 04 02 00 00 00 FF
if empty name then          00 00 00 00
else there are chars        01 00 00 00
Length of string to follow: 04 00 00 00 (count includes terminating 00, so a 08 length means 7 chars and a 00)
String chars                6F 61 6C 00

Terminator:
02 00 00 00 31 00 04 02 00 00 00 FF 00 00 00 00


